Date,Total Followers,Cost,New Followers
26/12-2020,1301,50kr,0
27/12-2020,1406,50kr,105
28/12-2020,1520,60kr,114
29/12-2020,1625,60kr,105
30/12-2020,1674,17kr,49
31/12-2020,1715,10kr,41
1/1-2021,1777,10kr,62
2/1-2021,1876,10kr,99
3/1-2021,1918,10kr,42
4/1-2021,2002,10kr,84
5/1-2021,2119,30kr,117
6/1-2021,2208,30kr,89
7/1-2021,2329,30kr + google ad,121
8/1-2021,2411,30kr+google ads,82
9/1-2021,2512,30kr+google ads,101